SM:2023-06-01T11:40:06.6524398Z
LM:2023-06-14T13:57:08.5471352Z
CT:image/jpeg
MA:604800
CL:68653
