SM:2023-06-01T11:40:06.6524398Z
LM:2023-06-14T13:57:35.8638547Z
CT:image/jpeg
MA:604800
CL:40917
